- 3mrg
5,7,33,34,52,59,63,66,99,159,163,164,167,168,171
5,7,9,22,24,25,26,33,34,45,59,62,63,64,65,66,67,68,70,99,159,163,167,171
7,9,63,65,66,67,69,70,99,114,152,155,156,159,160,163
65,66,69,70,99,155,159
65,66,69,70,73,97,99,114,155,156
9,66,69,70,71,72,73,74,77,97,99,114,116,147,155
70,73,74,77,97,114,116,133,143,146,147,150,151,152,153,155,156
72,73,74,75,76,77,78,80,84,97,116,143,146,147,152
73,76,77,78,80,81,84,95,97,116,123,124,139,140,142,143,144,146,147

- 1duz
5,7,33,59,62,63,66,99,159,163,164,167,168,171
5,7,9,24,25,34,45,59,62,63,64,65,66,67,68,70,99,159,163,167,171
7,9,63,66,67,69,70,97,99,114,152,155,156,157,158,159,160,163
65,66,69,70,99,159
66,69,70,73,97,155,156,159
69,70,73,97,116,152,155
69,70,73,74,77,97,114,116,133,143,147,152,155,156
69,72,73,74,75,76,77,80,84,116,143,146,147,152
73,74,76,77,78,79,80,81,84,95,116,123,124,139,140,142,143,144,146,147

- merged
5,7,33,34,52,59,63,66,99,159,163,164,167,168,171
5,7,9,22,24,25,26,33,34,45,59,62,63,64,65,66,67,68,70,99,159,163,167,171
7,9,63,65,66,67,69,70,99,114,152,155,156,157,158,159,160,163
65,66,69,70,99,155,159
65,66,69,70,73,97,99,114,155,156,159
9,66,69,70,71,72,73,74,77,97,99,114,116,147,155
69,70,73,74,77,97,114,116,133,143,146,147,150,151,152,153,155,156
69,72,73,74,75,76,77,78,80,84,97,116,143,146,147,152
73,74,76,77,78,79,80,81,84,95,97,116,123,124,139,140,142,143,144,146,147